{
  "edge_names": [
    "D_to_R",
    "D_to_C",
    "R_to_C"
  ],
  "feature_names": [
    "idh_wt_z",
    "mgmt_unmethylated_z",
    "atrx_wt_z",
    "tert_promoter_mutant_z",
    "chr7_gain_chr10_loss_z",
    "mutation_count_z",
    "tmb_z",
    "aneuploidy_z",
    "egfr_amp_z",
    "tert_expr_z",
    "tert_expressed_z",
    "immune_score_z",
    "stromal_score_z",
    "rna_cluster_risk_z",
    "methyl_cluster_risk_z",
    "transcriptome_risk_z",
    "grade_risk_z",
    "age_z",
    "kps_low_z",
    "purity_low_z"
  ],
  "node_slices": {
    "D": [
      0,
      8
    ],
    "R": [
      8,
      16
    ],
    "C": [
      16,
      20
    ]
  },
  "coboundary_shape": [
    3,
    20
  ],
  "laplacian_shape": [
    20,
    20
  ],
  "coboundary_matrix": [
    [
      0.6885303726590963,
      0.2581988897471611,
      0.17213259316477408,
      0.34426518632954817,
      0.4303314829119352,
      0.17213259316477408,
      0.17213259316477408,
      0.2581988897471611,
      -0.670478399654806,
      -0.38313051408846066,
      -0.28734788556634544,
      -0.19156525704423033,
      -0.19156525704423033,
      -0.28734788556634544,
      -0.28734788556634544,
      -0.28734788556634544,
      0.0,
      0.0,
      0.0,
      0.0
    ],
    [
      0.722897396012249,
      0.24096579867074966,
      0.0,
      0.3212877315609996,
      0.40160966445124946,
      0.1606438657804998,
      0.1606438657804998,
      0.3212877315609996,
      0.0,
      0.0,
      0.0,
      0.0,
      0.0,
      0.0,
      0.0,
      0.0,
      -0.8304547985373997,
      -0.3321819194149599,
      -0.41522739926869984,
      -0.16609095970747995
    ],
    [
      0.0,
      0.0,
      0.0,
      0.0,
      0.0,
      0.0,
      0.0,
      0.0,
      0.6236095644623235,
      0.3563483225498992,
      0.26726124191242434,
      0.26726124191242434,
      0.26726124191242434,
      0.3563483225498992,
      0.26726124191242434,
      0.26726124191242434,
      -0.8304547985373997,
      -0.3321819194149599,
      -0.41522739926869984,
      -0.16609095970747995
    ]
  ],
  "laplacian_matrix": [
    [
      0.9966547192353644,
      0.35197132616487453,
      0.11851851851851852,
      0.4692951015531661,
      0.5866188769414576,
      0.23464755077658306,
      0.23464755077658306,
      0.4100358422939068,
      -0.4616447423741981,
      -0.263796995642399,
      -0.1978477467317992,
      -0.1318984978211995,
      -0.1318984978211995,
      -0.1978477467317992,
      -0.1978477467317992,
      -0.1978477467317992,
      -0.6003336113685631,
      -0.24013344454742525,
      -0.30016680568428156,
      -0.12006672227371262
    ],
    [
      0.35197132616487453,
      0.1247311827956989,
      0.04444444444444444,
      0.16630824372759856,
      0.2078853046594982,
      0.08315412186379928,
      0.08315412186379928,
      0.14408602150537633,
      -0.17311677839032427,
      -0.09892387336589961,
      -0.07419290502442469,
      -0.049461936682949806,
      -0.049461936682949806,
      -0.07419290502442469,
      -0.07419290502442469,
      -0.07419290502442469,
      -0.20011120378952102,
      -0.08004448151580841,
      -0.10005560189476051,
      -0.040022240757904205
    ],
    [
      0.11851851851851852,
      0.04444444444444444,
      0.02962962962962963,
      0.05925925925925926,
      0.07407407407407407,
      0.02962962962962963,
      0.02962962962962963,
      0.04444444444444444,
      -0.11541118559354953,
      -0.06594924891059975,
      -0.0494619366829498,
      -0.032974624455299875,
      -0.032974624455299875,
      -0.0494619366829498,
      -0.0494619366829498,
      -0.0494619366829498,
      0.0,
      0.0,
      0.0,
      0.0
    ],
    [
      0.4692951015531661,
      0.16630824372759856,
      0.05925925925925926,
      0.22174432497013147,
      0.2771804062126643,
      0.11087216248506573,
      0.11087216248506573,
      0.19211469534050182,
      -0.23082237118709906,
      -0.1318984978211995,
      -0.0989238733658996,
      -0.06594924891059975,
      -0.06594924891059975,
      -0.0989238733658996,
      -0.0989238733658996,
      -0.0989238733658996,
      -0.26681493838602804,
      -0.10672597535441124,
      -0.13340746919301402,
      -0.05336298767720562
    ],
    [
      0.5866188769414576,
      0.2078853046594982,
      0.07407407407407407,
      0.2771804062126643,
      0.34647550776583036,
      0.13859020310633216,
      0.13859020310633216,
      0.24014336917562726,
      -0.2885279639838738,
      -0.16487312227649936,
      -0.1236548417073745,
      -0.08243656113824968,
      -0.08243656113824968,
      -0.1236548417073745,
      -0.1236548417073745,
      -0.1236548417073745,
      -0.33351867298253507,
      -0.13340746919301402,
      -0.16675933649126753,
      -0.06670373459650701
    ],
    [
      0.23464755077658306,
      0.08315412186379928,
      0.02962962962962963,
      0.11087216248506573,
      0.13859020310633216,
      0.05543608124253287,
      0.05543608124253287,
      0.09605734767025091,
      -0.11541118559354953,
      -0.06594924891059975,
      -0.0494619366829498,
      -0.032974624455299875,
      -0.032974624455299875,
      -0.0494619366829498,
      -0.0494619366829498,
      -0.0494619366829498,
      -0.13340746919301402,
      -0.05336298767720562,
      -0.06670373459650701,
      -0.02668149383860281
    ],
    [
      0.23464755077658306,
      0.08315412186379928,
      0.02962962962962963,
      0.11087216248506573,
      0.13859020310633216,
      0.05543608124253287,
      0.05543608124253287,
      0.09605734767025091,
      -0.11541118559354953,
      -0.06594924891059975,
      -0.0494619366829498,
      -0.032974624455299875,
      -0.032974624455299875,
      -0.0494619366829498,
      -0.0494619366829498,
      -0.0494619366829498,
      -0.13340746919301402,
      -0.05336298767720562,
      -0.06670373459650701,
      -0.02668149383860281
    ],
    [
      0.4100358422939068,
      0.14408602150537633,
      0.04444444444444444,
      0.19211469534050182,
      0.24014336917562726,
      0.09605734767025091,
      0.09605734767025091,
      0.1698924731182796,
      -0.17311677839032427,
      -0.09892387336589961,
      -0.07419290502442469,
      -0.049461936682949806,
      -0.049461936682949806,
      -0.07419290502442469,
      -0.07419290502442469,
      -0.07419290502442469,
      -0.26681493838602804,
      -0.10672597535441124,
      -0.13340746919301402,
      -0.05336298767720562
    ],
    [
      -0.4616447423741981,
      -0.17311677839032427,
      -0.11541118559354953,
      -0.23082237118709906,
      -0.2885279639838738,
      -0.11541118559354953,
      -0.11541118559354953,
      -0.17311677839032427,
      0.8384301732925586,
      0.4791029561671764,
      0.35932721712538224,
      0.2951070336391437,
      0.2951070336391437,
      0.4148827726809378,
      0.35932721712538224,
      0.35932721712538224,
      -0.5178795552215544,
      -0.2071518220886218,
      -0.2589397776107772,
      -0.1035759110443109
    ],
    [
      -0.263796995642399,
      -0.09892387336589961,
      -0.06594924891059975,
      -0.1318984978211995,
      -0.16487312227649936,
      -0.06594924891059975,
      -0.06594924891059975,
      -0.09892387336589961,
      0.4791029561671764,
      0.27377311780981517,
      0.20532983835736132,
      0.1686325906509393,
      0.1686325906509393,
      0.23707587010339307,
      0.20532983835736132,
      0.20532983835736132,
      -0.2959311744123168,
      -0.11837246976492674,
      -0.1479655872061584,
      -0.05918623488246337
    ],
    [
      -0.1978477467317992,
      -0.07419290502442469,
      -0.0494619366829498,
      -0.0989238733658996,
      -0.1236548417073745,
      -0.0494619366829498,
      -0.0494619366829498,
      -0.07419290502442469,
      0.35932721712538224,
      0.20532983835736132,
      0.15399737876802097,
      0.12647444298820446,
      0.12647444298820446,
      0.17780690257754478,
      0.15399737876802097,
      0.15399737876802097,
      -0.2219483808092376,
      -0.08877935232369505,
      -0.1109741904046188,
      -0.044389676161847524
    ],
    [
      -0.1318984978211995,
      -0.049461936682949806,
      -0.032974624455299875,
      -0.06594924891059975,
      -0.08243656113824968,
      -0.032974624455299875,
      -0.032974624455299875,
      -0.049461936682949806,
      0.2951070336391437,
      0.1686325906509393,
      0.12647444298820446,
      0.10812581913499344,
      0.10812581913499344,
      0.15028396679772826,
      0.12647444298820446,
      0.12647444298820446,
      -0.2219483808092376,
      -0.08877935232369505,
      -0.1109741904046188,
      -0.044389676161847524
    ],
    [
      -0.1318984978211995,
      -0.049461936682949806,
      -0.032974624455299875,
      -0.06594924891059975,
      -0.08243656113824968,
      -0.032974624455299875,
      -0.032974624455299875,
      -0.049461936682949806,
      0.2951070336391437,
      0.1686325906509393,
      0.12647444298820446,
      0.10812581913499344,
      0.10812581913499344,
      0.15028396679772826,
      0.12647444298820446,
      0.12647444298820446,
      -0.2219483808092376,
      -0.08877935232369505,
      -0.1109741904046188,
      -0.044389676161847524
    ],
    [
      -0.1978477467317992,
      -0.07419290502442469,
      -0.0494619366829498,
      -0.0989238733658996,
      -0.1236548417073745,
      -0.0494619366829498,
      -0.0494619366829498,
      -0.07419290502442469,
      0.4148827726809378,
      0.23707587010339307,
      0.17780690257754478,
      0.15028396679772826,
      0.15028396679772826,
      0.20955293432357655,
      0.17780690257754478,
      0.17780690257754478,
      -0.2959311744123168,
      -0.11837246976492674,
      -0.1479655872061584,
      -0.05918623488246337
    ],
    [
      -0.1978477467317992,
      -0.07419290502442469,
      -0.0494619366829498,
      -0.0989238733658996,
      -0.1236548417073745,
      -0.0494619366829498,
      -0.0494619366829498,
      -0.07419290502442469,
      0.35932721712538224,
      0.20532983835736132,
      0.15399737876802097,
      0.12647444298820446,
      0.12647444298820446,
      0.17780690257754478,
      0.15399737876802097,
      0.15399737876802097,
      -0.2219483808092376,
      -0.08877935232369505,
      -0.1109741904046188,
      -0.044389676161847524
    ],
    [
      -0.1978477467317992,
      -0.07419290502442469,
      -0.0494619366829498,
      -0.0989238733658996,
      -0.1236548417073745,
      -0.0494619366829498,
      -0.0494619366829498,
      -0.07419290502442469,
      0.35932721712538224,
      0.20532983835736132,
      0.15399737876802097,
      0.12647444298820446,
      0.12647444298820446,
      0.17780690257754478,
      0.15399737876802097,
      0.15399737876802097,
      -0.2219483808092376,
      -0.08877935232369505,
      -0.1109741904046188,
      -0.044389676161847524
    ],
    [
      -0.6003336113685631,
      -0.20011120378952102,
      0.0,
      -0.26681493838602804,
      -0.33351867298253507,
      -0.13340746919301402,
      -0.13340746919301402,
      -0.26681493838602804,
      -0.5178795552215544,
      -0.2959311744123168,
      -0.2219483808092376,
      -0.2219483808092376,
      -0.2219483808092376,
      -0.2959311744123168,
      -0.2219483808092376,
      -0.2219483808092376,
      1.379310344827586,
      0.5517241379310345,
      0.689655172413793,
      0.27586206896551724
    ],
    [
      -0.24013344454742525,
      -0.08004448151580841,
      0.0,
      -0.10672597535441124,
      -0.13340746919301402,
      -0.05336298767720562,
      -0.05336298767720562,
      -0.10672597535441124,
      -0.2071518220886218,
      -0.11837246976492674,
      -0.08877935232369505,
      -0.08877935232369505,
      -0.08877935232369505,
      -0.11837246976492674,
      -0.08877935232369505,
      -0.08877935232369505,
      0.5517241379310345,
      0.22068965517241382,
      0.27586206896551724,
      0.11034482758620691
    ],
    [
      -0.30016680568428156,
      -0.10005560189476051,
      0.0,
      -0.13340746919301402,
      -0.16675933649126753,
      -0.06670373459650701,
      -0.06670373459650701,
      -0.13340746919301402,
      -0.2589397776107772,
      -0.1479655872061584,
      -0.1109741904046188,
      -0.1109741904046188,
      -0.1109741904046188,
      -0.1479655872061584,
      -0.1109741904046188,
      -0.1109741904046188,
      0.689655172413793,
      0.27586206896551724,
      0.3448275862068965,
      0.13793103448275862
    ],
    [
      -0.12006672227371262,
      -0.040022240757904205,
      0.0,
      -0.05336298767720562,
      -0.06670373459650701,
      -0.02668149383860281,
      -0.02668149383860281,
      -0.05336298767720562,
      -0.1035759110443109,
      -0.05918623488246337,
      -0.044389676161847524,
      -0.044389676161847524,
      -0.044389676161847524,
      -0.05918623488246337,
      -0.044389676161847524,
      -0.044389676161847524,
      0.27586206896551724,
      0.11034482758620691,
      0.13793103448275862,
      0.055172413793103454
    ]
  ],
  "nodes": {
    "D": {
      "features": [
        "idh_wt_z",
        "mgmt_unmethylated_z",
        "atrx_wt_z",
        "tert_promoter_mutant_z",
        "chr7_gain_chr10_loss_z",
        "mutation_count_z",
        "tmb_z",
        "aneuploidy_z"
      ],
      "description": "DNA/genomic risk state"
    },
    "R": {
      "features": [
        "egfr_amp_z",
        "tert_expr_z",
        "tert_expressed_z",
        "immune_score_z",
        "stromal_score_z",
        "rna_cluster_risk_z",
        "methyl_cluster_risk_z",
        "transcriptome_risk_z"
      ],
      "description": "regulatory/transcriptomic risk state"
    },
    "C": {
      "features": [
        "grade_risk_z",
        "age_z",
        "kps_low_z",
        "purity_low_z"
      ],
      "description": "clinical phenotype state without survival leakage"
    }
  },
  "edges": [
    {
      "name": "D_to_R",
      "source": "D",
      "target": "R",
      "rationale": "Genomic lesions should constrain the observed regulatory/transcriptomic state.",
      "source_weights": {
        "idh_wt_z": 0.4,
        "mgmt_unmethylated_z": 0.15,
        "atrx_wt_z": 0.1,
        "tert_promoter_mutant_z": 0.2,
        "chr7_gain_chr10_loss_z": 0.25,
        "mutation_count_z": 0.1,
        "tmb_z": 0.1,
        "aneuploidy_z": 0.15
      },
      "target_weights": {
        "egfr_amp_z": 0.35,
        "tert_expr_z": 0.2,
        "tert_expressed_z": 0.15,
        "immune_score_z": 0.1,
        "stromal_score_z": 0.1,
        "rna_cluster_risk_z": 0.15,
        "methyl_cluster_risk_z": 0.15,
        "transcriptome_risk_z": 0.15
      }
    },
    {
      "name": "D_to_C",
      "source": "D",
      "target": "C",
      "rationale": "Genomic risk should align with grade/KPS/age/purity phenotype, excluding survival outcome.",
      "source_weights": {
        "idh_wt_z": 0.45,
        "mgmt_unmethylated_z": 0.15,
        "tert_promoter_mutant_z": 0.2,
        "chr7_gain_chr10_loss_z": 0.25,
        "mutation_count_z": 0.1,
        "tmb_z": 0.1,
        "aneuploidy_z": 0.2
      },
      "target_weights": {
        "grade_risk_z": 0.5,
        "age_z": 0.2,
        "kps_low_z": 0.25,
        "purity_low_z": 0.1
      }
    },
    {
      "name": "R_to_C",
      "source": "R",
      "target": "C",
      "rationale": "Regulatory state should align with clinical phenotype severity.",
      "source_weights": {
        "egfr_amp_z": 0.35,
        "tert_expr_z": 0.2,
        "tert_expressed_z": 0.15,
        "immune_score_z": 0.15,
        "stromal_score_z": 0.15,
        "rna_cluster_risk_z": 0.2,
        "methyl_cluster_risk_z": 0.15,
        "transcriptome_risk_z": 0.15
      },
      "target_weights": {
        "grade_risk_z": 0.5,
        "age_z": 0.2,
        "kps_low_z": 0.25,
        "purity_low_z": 0.1
      }
    }
  ]
}